# メモリア獲得のルール

## 基本ルール

- 毎日5時と17時に、各キャラクターが一定確率で来場する
- キャラクターが来場すると、そのキャラクターのメモリアを1日1つ獲得できる
- 午前の部と午後の部で同じキャラクターが来場しても、獲得できるメモリアは1日1つまでである

## 例外ルール

招待状というアイテムがある。

- 招待状を使うと、そのキャラクターは招待中のステータスになる。これは招待を取りやめるか、別のキャラクターを招待するまで継続する
- 招待中のキャラクターからは、1日2つのメモリアを獲得できる
- 一度招待状を送ると、使用から72時間は別のキャラクターに招待状を送ることができない

以下、公式HPからの引用

> 【会話のタイミングともらえるメモリア数の例】
> - 一歌に招待状を送り、一歌と会話する⇒一歌からもらえるメモリアは2個
> - 招待中の一歌と会話をし、その後、招待キャラクターを咲希に変更して会話する⇒一歌からもらえるメモリアは2個、咲希からもらえるメモリアは1個
> - 招待キャラクターを一歌から咲希に変更し、それぞれと会話する⇒一歌からもらえるメモリアは1個、咲希からもらえるメモリアは2個
> - 既に訪問していた一歌と会話をし、招待状を送った後、一歌と会話をする⇒招待前後の会話で一歌からもらえるメモリアは1個ずつ（合計2個）

## ゲートレベルとキャラクター来場確率

以下の通りの確率でキャラクターが来場する。

この抽選は毎日5時と17時に実行される。

|ゲートレベル|2人|3人|4人|5人|
|---|---|---|---|---|
|1|58%|30%|11%|1%|
|2|56%|30%|12%|2%|
|3|54%|30%|13%|3%|
|4|52%|30%|14%|4%|
|5|50%|30%|15%|5%|
|6|48%|30%|16%|6%|
|7|46%|30%|17%|7%|
|8|44%|30%|18%|8%|
|9|42%|30%|19%|9%|
|10|40%|30%|20%|10%|
|11|38%|30%|21%|11%|
|12|36%|30%|22%|12%|
|13|34%|30%|23%|13%|
|14|32%|30%|24%|14%|
|15|30%|30%|25%|15%|
|16|28%|30%|26%|16%|
|17|26%|30%|27%|17%|
|18|24%|30%|28%|18%|
|19|22%|30%|29%|19%|
|20|20%|30%|30%|20%|
|21|18%|30%|31%|21%|
|22|16%|30%|32%|22%|
|23|14%|30%|33%|23%|
|24|12%|30%|34%|24%|
|25|10%|30%|35%|25%|
|26|8%|30%|36%|26%|
|27|6%|30%|37%|27%|
|28|4%|30%|38%|28%|
|29|2%|30%|39%|29%|
|30|0%|30%|40%|30%|
|31|0%|29%|40%|31%|
|32|0%|28%|40%|32%|
|33|0%|27%|40%|33%|
|34|0%|26%|40%|34%|
|35|0%|25%|40%|35%|
|36|0%|24%|40%|36%|
|37|0%|23%|40%|37%|
|38|0%|22%|40%|38%|
|39|0%|21%|40%|39%|
|40|0%|20%|40%|40%|

## ユニットごとのキャラクター人数

ユニットごとに構成人数が異なるため、例えばMMJではどれだけゲートレベルを上げたとしても、1日に6人分のメモリアしか獲得することができない。

|ユニット|キャラクター人数|
|---|---|
|Ln|6|
|MMJ|6|
|VBS|7|
|WS|6|
|25|5|



